7571730596
1735686260
5667989205
2731923027
2308172181
6397754323
1823287210
1510258060
2685677853
5053773104
5738025614
5043053979
2425371165
6041830417
1289338185
5589681976
5852260421
5589292477
1748693152
1699540307
3219189700
6203200278
6193402760
5338877975
3173515672
5958457620
2064746795
3741042877
1759900451
6785160235
1734530730
2005358411
1833869441
3259972511
5860401438
6167594957
5883295870
3802586994
1718493627
5298663306
7340608725
1286090741
1403915120
6141086679
1404228690
2806155043
1565377705
1737350632
6259244403
3349909324
1649393701
1420862042
1747837917
1469026431
5262565471
6998589908
2369379394
1197197733
6526727905
6454284742
5144832042
1944709741
7340891600
1712158890
2208370184
2135780543
3195033473
1945931691
5173845128
5051999699
1737502687
2065025151
2382765825
6331737507
2995819194
1727548543
2143524297
1803899330
2303158790
5329024527
5198846644
3025603121
1862333813
3226460562
2015916863
1984177971
2207485954
5103204393
1855166221
1827021501
2086581511
1236837097
1770476974
1821117542
1851563345
5087894369
2323101850
1858635942
1218966851
1502844685
5044030521
2989711261
1967641942
3720560782
7583809100
7593495881
1840106567
2418038071
1298704705
3420982582
2937295027
1561884412
5973782875
5231091131
1642490811
6620270474
3174559295
2193031994
1210417191
1937366521
1904027962
1196113450
1749120805
1968721147
5655882037
1916468595
1357494880
5998921819
5737990122
5822365423
2191581955
6509775081
7392924039
1275825197
1667962177
7614672092
1824815733
1733361551
6382505132
6356841283
5246288285
1251011854
1849742040
5700790959
2892492275
6690685167
1767777411
1876943407
1925723352
1423913172
6327143258
1592911662
5508983486
2136165862
1786653501
1610420471
1107613433
7322031033
1642287007
1553175564
6362632222
7529504726
3675736060
1111681197
1103016027
6678098357
5557343165
1151329175
1403490714
2219944183
3197249862
7500834907
7590925376
1222931053
1900942187
1999996993
6330209832
1841558887
6371852024
1815661734
1735550633
5091275368
6409769659
2029045054
6552250561
2490644882
2031794923
3466541692
2627787901
3197883500
2141941431
1974530343
5465908991
2115980191
2297936863
6502215024
6579641397
6100951844
6869674092
6265769305
5211087265
6032415986
2464455037
2935360151
5903942716
7516679150
7016206379
1834375880
1854921313
2430511717
1763027137
5177678970
7021870956
1198503091
2258106101
3011672627
1834614447
1768364143
2921063424
2431141741
2282499210
1929936967
2108303503
2084528895
2710502761
2699720120
6201013411
7486777618
7211561239
1357068042
5611783716
1840272734
2675030687
3938797402
7308607646
7483040087
3858875875
7028564981
6174647177
6054300872
6902234193
3837361346
5428244461
3263066422
6147017411
5834412672
3252775174
3678053595
5732858838
3868023514
6610503252
5522835290
2496066774
6514883584
7463690171
5953933175
5329278306
7330136840
3508941074
3925250563
3223655791
1934183965
1851057263
1752820413
6020545735
7390828833
2176486124
6929716472
6969158398
6618200384
6713414841
1721030997
3937775216
6078456856
5453054839
1596419097
3912522941
1642591402
3224731134
5492416329
2011970870
5639953093
3516331612
1814035063
3072635834
1828929363
1899096725
7276483577
1799244901
1172190610
1149521112
1649430795
6482395964
5884600761
1252349802
5937986794
7478481736
1846037105
5459862698
2833736934
1349307684
2353017895
1192329893
2058542250
3725773862
6711062248
7460268992
7525773641
7534057322
5649309781
1760472940
6504243946
1607613220
6363578092
1255795640
1654164742
1195201334
1740197697
3981551608
2872244692
5464355430
1678412512
6869851787
6169991913
6271897376
7341141604
6167714478
7342192055
6148113437
5244180987
6388699885
1757335833
1459567682
6616686730
7334197313
5982986322
6449510857
6611380389
5289818446
6970173954
7412381490
1659651887
5403642837
1752467412
3191684727
3200667980
7465108552
6168814546
6560020707
7243906689
1946162121
5153774403
2670328623
2618671427
5993634970
7072153506
2616498232
7339351819
5856605688
1663240794
2435542112
1764455683
1763751884
2035413543
5648536664
5601456932
5273098886
3276099007
2903934425
1751362214
1776448504
1970193877
2702569372
5594559637
6023441962
1444865141
1665842664
5359166439
1840146450
6616979562
1998412373
6061060267
2843484730
5977267211
2059742454
1730123695
2185608961
5961824781
3733371872
1991194723
5500491427
5992829552
1428162532
3592566461
1197780522
5743672221
6468421833
2889013664
5068826014
1675527705
1813359803
6142016257
6933268849
2158604322
3441095230
5417354511
7285757143
6880285576
6453988165
2760978582
1644165201
5024606797
7031030009
7200244250
1323527941
1265743747
5899876484
6698669684
6550535369
2015726625
5991911733
2324577945
2508418481
5694694227
1685893185
3743149912
5097557918
6050187477
2936384334
6332391741
3464197672
1741082525
6421692074
2254112310
6502254563
1815964750
2190822113
1724686005
5223551967
5173436629
6349852401
6161079221
5284408940
3193394927
1862696895
1679589537
2476970781
1801986007
1684517031
5648135272
1757290591
6218003064
6266453357
5538253557
2557155480
1047444121
6419394140
1568458873
3209804375
5872484124
1951584591
5338087183
5271733020
2386475784
1308587202
1667274275
5440488716
6826995617
3200386964
1764472957
2707456057
1676559025
6589235677
2165178465
2645822660
1797099167
6789066029
1931694762
1868035803
3150932560
6118443281
1677441630
2300524727
1692886367
1596003992
5138715524
1980493785
6395567330
3560603110
3029644661
2700162334
6479255096
7472278086
7483054836
7468777622
7547405196
5767744699
1968758563
6371852024
3315214800
5977555696
1499104401
5104880035
1683472727
2286908003
5579586356
6376400695
3587960280
6977307138
7348486681
6098580739
5581785513
3941354960
5878659096
5762454887
2882617115
2184024913
5651101017
1686546714
5963846236
1749127163
6049590367
3057540037
2138877405
6938280009
2070213285
5733103353
2293533604
5193807838
6586732953
3592075834
1912310613
6444593050
5185680075
7336594039
1296738653
6562109231
6528178851
5941687237
1357093700
6005843218
6020086612
5743923782
2715025067
2280198017
7099422177
7127745503
6011462873
7335368182
5611549371
6969972165
6970924033
6551339780
6977918761
7073308386
5461853682
6336710565
3937348351
6189120710
1728148193
5707057078
1699432410
2803301701
2656274875
6448593840
3196947361
2877250764
2896390104
3799554550
7513222802
7436597941
7524719909
7369153915
2029906001
1749127163
5672095322
6753008147
2498510295
6396616997
7148470080
7251124976
5746588763
1996936287
6120716534
7547346217
2465987490
3982425411
2018840293
5723402127
7414323531
7536785036
6336146300
2875593715
7577975919
2393440284
2196941681
5556545776
6543206852
6697721130
6299412215
5929085915
2361825091
1763864272
7499813000
6063433110
5016506736
7205916834
1820171460
1927338021
1879163237
7272692787
6372507346
5406347304
6012010054
1998708481
5839971194
6207927411
5625127109
1988950903
7435938450
5608743311
7523853586
7643138515
7624999416
6272947247
5480137011
5480178851
6220823267
2020716064
6456383814
3296590031
5833359023
6232023735
1434397013
6191368459
2216334181
5093131890
6092279254
2930220577
7606116712
2397627647
6854512692
5999587214
5653605111
3624322075
6094772311
1431412394
3416238120
1961397247
6000211822
6622612758
2016920185
1400618205
7274291017
2401041881
6264071409
1732580774
5522387632
5480863590
7443064008
7214927059
5953457934
1890227257
1793315002
2089184835
1826246840
5705359013
2245969614
2530152153
5604144525
7000669644
3206936735
3872822059
3800775708
2050032535
6064752668
5574029246
1736472255
6409424177
5470190232
2191151872
2217933685
5088051358
5629802255
5653453223
1818257047
7567927655
1556936042
7470292454
7149589669
2718034011
5648430551
1565668374
5988096046
5873824033
5990666544
1549364094
7508930473
5921674605
7388465775
1881678750
5107081493
3089487123
1894225741
7561631480
1412249833
2716694332
6319922675
1847157195
2282086682
3065203247
2589722577
2253541474
2665827951
1219847813
5113396882
3164968121
2987353263
2319970043
6189120710
3739825350
2750897905
1627825392
2054300185
6122090644
2280287303
2727520905
2567466487
7385802448
5593244174
2284513100
1197893702
5874066437
1746844801
3169672850
6344610725
6408430073
7414755800
1879864252
3425804642
2007275017
1863482064
2607796037
1685216393
2208565773
3166119185
3603345014
1899598400
7504597994
5406416897
5581546623
7195498826
6870392574
1180379945
2959569175
2177057047
1824563265
6206867460
1785819763
1917422125
6432358784
5625449181
6294417401
1655361500
1214100933
2629685302
2880403090
6605420288
2943783502
2715025067
1646547801
6124936604
1901382322
5400682675
5668580668
2736435030
5136362277
3223753597
6090645005
2038093491
1299532580
2442786985
1600407537
5161710432
1495458525
6453988165
1889010084
3149451660
2700124262
3718147323
5140600859
3764262842
3108949955
1884792932
2560467107
5499215748
3903355654
3708475122
1954500841
5756069399
3313256852
1733083617
1601375081
5180709632
5633518012
2600545167
2646963800
1843147045
1974576991
6041791437
1929564543
5928836057
2948817802
2001246982
6541240268
7208814353
2426228623
6637399390
6804759892
5878644495
1530262710
1773324971
5840123218
5914270665
5995163148
2427342952
3197930142
1191939447
3975515581
2146892831
1922408173
2247805847
2007409694
5643723331
1211441627
1358776365
1667860154
1270344441
1549168027
3554920815
6004281123
2803301701
1749127163
3535604500
5747747231
2102644115
1933852765
6279486246
2090587221
5098982051
1743483083
1288739185
2970452952
6452155080
2996407570
2375878681
3884540548
3456500794
5627606135
2119650641
5882983275
5708044760
2263438892
5878565502
5302885149
5523533122
1794546335
6567669083
6479255096
1952677495
1496852380
1347626494
1681213010
5558240479
2984115252
2355943403
2336324093
5878659096
2810114424
5607406781
6020086612
2181404294
2100624793
3241464974
2640829195
1850016655
2619600107
5942310773
1598948324
2859879040
2105687051
1671816775
2651375473
2250667580
3796374443
1799946990
5894491688
3171409734
2827193580
1745127561
3120955037
3178134590
3277449591
1165172917
2716554631
3360032442
1297765497
2284240172
1636369723
5050839866
6028751929
5940812756
1300206600
1195300800
6427970285
2564276617
3215951873
6121705494
5743923782
1409018205
2192802315
1658364043
1858243032
1691160802
3939227830
1233285822
1258645042
2352145331
6034641741
1912150611
6144410494
1839167003
6170374785
1192283562
2024623547
2735327001
5929528857
5929384939
5923891605
5924792325
3989122937
5455732412
1191042674
1496915057
2932543594
1276647092
1497176560
2046263187
3030462831
1698472720
1269352791
3164957712
5663965155
5610110373
3797437255
2362768604
2345908083
3170766712
7220092021
7487989187
1503018310
1613962150
1172921601
5587861029
1739970502
5376778415
1111681197
5357651574
7322031033
1847794531
1396277000
6329048632
5410945006
1224941885
1879205717
3229867663
3979079981
2871470722
5581785513
2715025067
1667566722
3930005803
7558137714
1393202693
3208052013
7608091378
1647486362
1650727225
1991925165
1735668825
1401532053
1900893371
3937348351
5374986163
1809217192
7512659840
5848983110
7524719909
7411260910
6980200852
6746001106
1686901854
6125838547
2056277053
1173923693
6442650257
1895482303
5666811389
6095935299
2157271672
1784787275
5928512960
3165137734
6997595569
3121334923
5226186919
1617492535
1655746665
1240304455
1811670545
1299592784
7524261192
6242886630
1579910863
3592951597
7202385999
3198205474
1793048663
1663793510
3899910143
2794283127
5589437845
1411482802
2010815200
7547405196
7549409992
2167081207
1132059784
5464209242
2760765997
7065543812
7498748657
1130840144
2017038601
2052481797
6001579381
5665062009
6351740052
1403502910
7325255511
3044559823
2597352181
7472278086
6886828802
5958370333
2235240072
6447953843
2951069977
1194054414
5161570614
1279704637
5653188515
6662138204
7468777622
2181597154
1084417237
2322463892
6715252094
7365515977
1813492294
5889827398
1157864602
6574974958
1772361074
7399894004
1846173721
1890872744
2697658971
7366028103
7483054836
7003810734
5763315589
1633537680
6060307497
6685357186
6601153932
5186027114
2727830932
7208719141
6464787632
6240526731
1142487595
1497151510
6420615079
6812358923
6568497405
3180243690
5288598930
5540281667
2418724427
7236796539
5660454010
6244553417
6649374309
6251264312
5941459143
6514100510
6364920429
1752161071
1496827227
6126771150
3279752321
2271361584
2133418401
5625432499
7406736723
7377933773
6573744715
6874215635
3481034472
6065432153
1822161445
2282969654
3922221653
2196038737
5889187374
1808449333
6607420428
6052624031
7378302827
7275216800
5624027132
5700459448
1748548681
6397754323
1401949790
2838090865
7336594039
1259914383
2335987503
2382356540
2636237417
6313158944
6208472037
7277563611
7537923740
6674601383
6470535293
6028074383
1971076403
6523801975
2416305511
5140840133
2600107814
3174683922
5651156250
2749134091
7063598973
5512389151
3976476841
5261210119
2405381410
5529454698
2751313073
2929021807
7589543151
5688774559
3831092565
5072158185
7545077914
5022141200
7491371979
6149166073
1731972042
5985666104
3316261970
5390313322
1774846944
2434139193
7644127856
2663051441
2114385034
6572337854
2094166701
1852678551
6306116957
6010820570
5739106351
1113982160
5743456525
5543236722
5581785513
7346307543
6589992374
5108622151
1644105187
5497574816
5082202291
5241052165
5319473758
1947244945
1644165201
3033898482
1797932894
6693897228
5445369375
7352601829
1101186930
5545505731
6416342114
1929377277
2655309465
5680841181
5295563619
1246229612
6603271241
1897258393
6119680573
6088455585
6502691911
2102883924
7352202247
2136341197
7339245060
2956384255
2951619845
3412668714
3742830150
5177703103
7511397396
5112411768
5040955225
1765723520
5975516544
5519440294
1910848371
2914081394
5523485506
7475996012
3669102477
1808764472
5597700921
6134301639
5533277567
2716406001
5292770234
7525640046
5766959075
6116038225
1765192480
1066197297
1933471167
2214838982
2140522467
6267502106
2170947212
1739998217
5456814810
5404293423
5151289263
5181976004
5113699081
7259235526
1747104004
3586380210
5627491953
5646439213
1677303980
1744723882
3186072252
2795431854
1314749965
1980171117
5632138721
2696336045
5919246604
7570765225
6226845425
6063378052
6296303400
5239144966
1812963492
1935310405
1778113132
1843295663
3898831728
5685456391
6006641593
2858270197
3798808753
5994861382
1786980935
5977036090
7414201292
1722507807
5350509769
7313824774
5649624264
1400242431
2567137243
3171000630
5526912335
3319236353
2892492275
7482089678
7409351793
3492602923
2276828572
7336948523
6550815288
2872244692
2977062090
1664925303
5111014752
6177367279
2718647347
1783170751
6221505394
6245174986
1670659923
2544722937
5481304816
2692652172
6761833121
5874186873
3968741640
5515521540
1777231237
5819939839
6578344770
2670328623
5395738687
3599158797
7539554295
5679177712
2079468590
7554991509
1960370057
6432734596
2022574361
6416314651
6783801313
1850918792
7483221106
3849952703
1586146675
2116890350
5874584452
3937348351
5228718542
1288739185
5767200915
1892475055
2796274002
6460233574
3271556664
1583895627
3859193849
2805317084
6471563042
6100005453
5443338253
5261697533
5974750578
1729653661
3271458641
1973095907
1737992534
1893711543
7393143178
2656274875
1920780404
7418993061
3170789394
2727559121
6333383887
1428372842
5204676917
7097299196
2598520421
1516614691
2803301701
6667301782
5943595658
1901382322
6676412157
5796731205
2206025845
2039711542
2118120483
7381225070
1196647460
2511383074
6373393765
3941354960
6525409845
1899439601
7048638646
7371136008
6453988165
1896099553
3622206001
3169437203
5671786192
7099207504
7284624854
6275667913
1968758563
2255058517
5943836571
5532799725
6405349123
6894787684
6016394371
6329022507
1994516565
6020329578
5590722460
5092805335
6445232117
6412548107
6173430472
6057040329
7007393326
6840212756
6820074131
3107661055
5721376081
6574412276
6365723570
1273978794
5206185753
6585527887
7010935224
2535828454
3193683520
6494238800
1883519444
1749860650
6020086612
5697555064
1749964961
5269033014
5632459584
5975164756
5970270814
1434004434
2457719390
6722327102
2304897327
3662247177
5143439555
5023457218
1856591792
5114348617
1827883637
5748897984
2706675982
5701563519
2989711261
1781039784
2452933723
2437369371
3916159286
3287400213
3908787215
1704588860
2301911730
6291355314
5889121802
2621815585
2185547320
2237434243
1874781737
2284950014
5724402884
3072968985
5035354976
2192298044
3022525213
5878529077
2320711045
5333523066
1951258503
5105863311
1748075785
1680070087
5182953711
6646433573
1656203845
2263871132
5808339724
3047453623
1558744257
1904797913
6299314866
1765296764
2002653443
1871963965
2163787014
5992358951
2629685302
6562400106
5384727022
6106087100
5307972704
2231638141
6528549643
6563127409
1854227070
1504046854
6118204964
6611692167
1107614297
2968266064
2610715291
5862061569
3155821693
6058443125
5069870617
5682105050
6356754044
6408693709
6413234171
3761671421
3917378502
5661596586
2657115213
1725044803
1838919975
1872355204
3587960280
5174400490
5665139475
5456953669
1684325934
3982361074
2183058373
7617700698
5179707742
6968619202
6313746949
6317986318
5676417302
6220533521
7486672289
6071303467
5134019497
6298265769
7499147933
1152336281
1797279510
1728954735
1899455817
2894873311
7174260947
2105585502
5319643711
1582477693
1940584814
1916243987
1714560133
2132348737
2232339233
2967400144
2972035172
6459116531
5229399356
1474188302
3960713269
2143261387
2274152115
2161337577
2741297910
6557038249
1582099055
5874856922
1508607652
2392831347
1927356694
3990474201
6620703481
3181185433
1804756535
2725876481
1408829753
2170420720
1662128215
6982714585
1897650925
7448659499
2596059721
2694271531
1747892301
3598273493
5039773429
6351716151
5237950123
7004261640
2918766901
5889612012
6585404945
3554204043
1401665383
1730471014
1572705274
5978884964
1962518893
3313728667
5435573366
3994078381
5465371528
6148699958
2606874681
1911906957
2728406503
1987724857
1870753085
3690518992
1990954515
2809841193
1990921871
1795567050
1990895721
5318584155
5508233899
3083675110
2022171303
3802896629
6351694466
1736329970
2106855375
2231740365
3750714863
5123634341
5416789459
5474795146
1767525575
2302933272
6518026255
3801338188
6438362231
6461110424
6604566646
5706453650
2407876017
1946087070
1937888461
6047800837
3949625991
2736924415
6587044657
1710188523
5388832724
1833385565
1679534271
3490521693
5142747523
2365259941
2391872367
5332671730
2400724812
1931004847
6401533354
2016398477
5398495777
5479707020
5388022653
2442450521
5511784575
3960737993
5871842428
3812787895
1284380094
7432040029
6586872870
2268817165
2650538113
1787045861
3940013444
5804939544
2431906487
5672885819
5861204531
3733018110
5581508213
6677293451
5255426225
6353835397
5574047103
5226045311
5658574841
5312550369
7062750540
6527841912
6105641942
1980783072
3802895207
7390158903
1644114517
mavsNBA
3802900583
6228298522
3802586460
3802586923
3800479240
3800479346
3802898310
2640045191
3800482827
3800208545
3610389144
3802585852
3800480539
6409433080
5873519044
2835121562
7291481667
6194215908
1881188524
7360421902
5673245225
5590997975
6026191683
5742748606
5706433854
5701440463
1594042144
5977106079
2141714085
3858667846
1347558791
6011467090
6487537906
5482969816
2551343445
5998190923
1618902703
1642909335
2892492275
5514146941
5625047704
3749737024
3340623142
2609269865
2418173495
3733371872
5612260269
6559940084
5155715530
2724804832
1299532580
1764222885
2726698224
1216826604
6266967716
1726061524
2614293032
2270827883
2219238497
3201433533
5128881342
3103611963
3170037502
5208877474
2943783502
7263548502
5932892666
5702364030
5366720146
6968426961
6143898485
2357701491
2844822551
2560754817
2650922794
2789169452
5873773479
5870284353
2912610540
6060569613
2851179962
6660983434
7348003568
6458791371
5936132335
6561449605
2708857767
2708629577
5597138485
5749767678
6180517856
1623755533
5538113597
7003999887
6919231581
7386928257
1899824595
2606593425
5253610379
2715712463
1607181480
5591715954
5899961030
2799368122
5942535690
3904738329
5332126385
5541219415
6593178423
7137217225
5873793239
6356197794
2924853791
5105616191
2439868954
5198084252
3209933294
5903942716
6279984682
6345198304
1668743191
2714169800
1664587062
3528003501
5489171304
1749975705
1097201945
2448021107
3968767796
2714128364
2711270031
2610987123
2707765025
5587716672
5178772029
3822710584
5720873650
2695841821
1497162881
5886339293
6448347301
5856115080
2714167154
6432478472
1012351072
6386318676
7498896168
2676416063
5253877971
3018218007
3299404381
1742566624
6524484060
2639217283
2381047351
1923314612
1748335510
3205619697
2045197353
5186027114
5183309747
3938940502
6409254138
5220818428
5502627600
5767200915
5953061012
3115037
5416030558
6779884271
5093853258
5336252425
1909976741
5792143556
6365345473
3018641287
2556906801
5653761434
6011005289
2594393502
2169356343
5616111181
3691566554
3858427847
5367837096
2219772744
2708387805
3592218237
5695708121
3257147811
6605401820
2527044037
3197269764
6388779760
1727233074
6348456358
5184735878
2770359791
1344386244
3252743925
1809805170
5647306772
2282795285
3460516424
2795543210
5925185843
2792589472
1258256457
5134019497
6041830261
1940327624
6062046277
5776930791
6135258454
1750167051
1692493172
1780031123
6041830264
6043267078
3834565010
2851948151
3975375304
1695976033
3123164792
1274095785
6579479315
1729562517
6579089020
6579089051
6579089032
5461233752
6042105142
2822914093
2447844780
3002847684
6085757697
6063043155
1658688240
6605860993
6085757616
6041830381
6605861548
2807295185
6042105312
6534084504
6605843799
6605420431
6605861138
2195648472
6067221267
6041830326
5700733849
6320391439
6063043159
6042105320
6092992906
6605842879
6179910591
1865901305
6605843740
6337027828
1156966391
5134019497
6183821155
6128880967
1262379782
2045207515
2005870317
1576863113
6192877172
7482623286
1275280670
1707785924
6090644938
1728860841
5617180703
6351694466
6090644987
5112585555
6159353180
6179910516
5183309747
6294432188
3912522941
3265788052
5819644020
1007391010
1677969704
3802585442
6693924450
3880783324
6763920570
6041830437
5936018176
5943450651
5339738302
2305162912
5284577962
2670184211
6179910656
5369689800
2193518494
5182575519
7063359695
1810814861
3587960280
5208067255
6453988165
5870316961
6525927957
6361271435
1840667903
1806174341
7194219795
2431485513
5984526573
5819108026
2413667740
6499653743
2573091473
1253139560
5887147203
2759649395
2921244024
1840987625
1859353001
1470110647
6061301960
1983655155
1985698157
5884829291
1737961042
1846360445
1380274560
6100066682
6013710115
5810198542
5446382032
6082077065
6038339508
1928142997
2947903972
1770101211
6874161446
2655923751
5394206608
3314313317
1990443391
5533010788
3090442100
3193839180
5584087944
5311051917
6333286020
2358578625
5816584549
3114584854
5581785513
6456476836
5880933875
2494935602
1345948152
6220413988
6342327181
7005349222
6038234807
6913746776
5868069966
5608466307
5334686602
3488415372
1548464785
5979001958
1144448045
2022680307
1718966023
1036663592
5390000634
1908275435
1940861767
6543396571
1736329970
7105779471
6685357186
3083675110
2320711045
1883881851
2280310413
1642909335
6112650844
3941354960
5523533122
2882617115
2264358493
3264072325
2106855375
5136362277
2927682187
5210739467
3263791663
1749764190
3567974090
6185411519
5878659096
1778758223
2778748085
5437851984
2432009827
5762454887
5631861909
5508233899
2174534013
2839107347
1642292081
2485122903
2302617634
3191063447
2540193157
2205169727
5635855696
5186027114
1896757552
1638781994
7601022877
6272968475
6361183161
5991816334
1176729543
6358319495
7533162717
5990184179
1685903494
1596861115
7335779745
1242880922
2948140632
5211643249
6019364439
2318172621
2492431184
1741573353
3338770094
2487426344
1421917577
1406090915
1707759510
1153433155
6058105153
1731169267
1067728432
3941354960
1864316394
1315706994
6553224818
5963953878
3021357443
1599743193
1642904381
5363238224
1864174862
6092617391
1742983384
2922892827
2032219315
7340911441
7353588110
1805337613
7262722570
1215588381
5747209783
1727259602
6453988165
1226549174
2803301701
7225702065
6372843551
1842056855
1776917643
5199822174
1294704187
1615970602
2137964073
5973092184
2809598120
3946341829
1878447275
1820559955
2285381211
1731242943
7022020976
1315061031
6932048442
6853203850
1651917080
2797202290
1029207511
6580598737
5889371942
2073366647
1592609155
1659280143
6354471572
1663317674
6479255096
5885976158
6635781168
1292848455
5384069077
1806963941
1283511372
5072151301
6020086612
1819176325
6528534751
6317352160
6264082026
5770319381
1151492600
1235385775
2319460227
1769239692
1864507535
2921223352
5253229513
6448365177
5582111882
2776718162
1827020350
1752569465
3634019151
1876533117
1525836824
1267005507
1645214320
6031945964
1497445310
1879833644
1730502654
5372556014
5743923782
2715025067
1797392503
5695899124
5134019497
1778758223
1673466710
1863780027
1779850265
1940275640
6362961490
1408932587
5184422853
2305620082
1774771641
2011752980
1296947890
6336491030
1303023390
2026824747
6190532921
5882983275
1768489747
5139735199
2560467107
5693914256
1706143050
1576185864
1672419472
5865684347
5174400490
3725773862
1673865830
1765148101
6067495421
2850809427
5626531538
3910667401
1789209264
2425767892
1271638160
5707213292
3052592005
2268869983
1313454973
1285266964
5693194807
5592630908
1721030997
6183814995
1347118243
1730727581
1496827855
1865681200
1848535134
2405882795
6165944731
1722733685
1197934181
5984334771
1728729054
1884015940
3784336473
5885707001
5099274173
5936137028
5878659096
1819760240
3827940997
3123066874
3575214381
1648585491
1271542887
5608218458
5974147958
5589627094
1662269187
3077513805
